0 659.000000 0.659000 91.047043
1 656.000000 0.656000 91.463409
2 649.000000 0.649000 92.449928
3 651.000000 0.651000 92.165894
4 660.000000 0.660000 90.909088
5 671.000000 0.671000 89.418777
6 671.000000 0.671000 89.418777
7 655.000000 0.655000 91.603058
8 656.000000 0.656000 91.463409
9 651.000000 0.651000 92.165894
10 656.000000 0.656000 91.463409
11 649.000000 0.649000 92.449928
12 635.000000 0.635000 94.488190
13 643.000000 0.643000 93.312599
14 645.000000 0.645000 93.023262
15 647.000000 0.647000 92.735703
16 656.000000 0.656000 91.463409
17 646.000000 0.646000 92.879250
18 647.000000 0.647000 92.735703
19 652.000000 0.652000 92.024536
20 659.000000 0.659000 91.047043
21 651.000000 0.651000 92.165894
22 628.000000 0.628000 95.541397
23 638.000000 0.638000 94.043884
24 663.000000 0.663000 90.497742
25 675.000000 0.675000 88.888885
26 676.000000 0.676000 88.757393
27 675.000000 0.675000 88.888885
28 675.000000 0.675000 88.888885
29 660.000000 0.660000 90.909088
30 646.000000 0.646000 92.879250
31 643.000000 0.643000 93.312599
32 631.000000 0.631000 95.087166
33 625.000000 0.625000 96.000000
34 629.000000 0.629000 95.389503
35 631.000000 0.631000 95.087166
36 620.000000 0.620000 96.774193
37 615.000000 0.615000 97.560974
38 620.000000 0.620000 96.774193
39 618.000000 0.618000 97.087379
40 600.000000 0.600000 99.999992
41 614.000000 0.614000 97.719864
42 625.000000 0.625000 96.000000
43 641.000000 0.641000 93.603745
44 644.000000 0.644000 93.167702
45 654.000000 0.654000 91.743118
46 667.000000 0.667000 89.955025
47 662.000000 0.662000 90.634438
48 677.000000 0.677000 88.626297
49 678.000000 0.678000 88.495575
50 656.000000 0.656000 91.463409
51 653.000000 0.653000 91.883614
52 628.000000 0.628000 95.541397
53 626.000000 0.626000 95.846649
54 632.000000 0.632000 94.936707
55 636.000000 0.636000 94.339622
56 644.000000 0.644000 93.167702
57 651.000000 0.651000 92.165894
58 655.000000 0.655000 91.603058
59 656.000000 0.656000 91.463409
60 656.000000 0.656000 91.463409
61 659.000000 0.659000 91.047043
62 653.000000 0.653000 91.883614
63 642.000000 0.642000 93.457939
64 628.000000 0.628000 95.541397
65 612.000000 0.612000 98.039215
66 598.000000 0.598000 100.334450
67 599.000000 0.599000 100.166946
68 598.000000 0.598000 100.334450
69 611.000000 0.611000 98.199669
70 627.000000 0.627000 95.693787
71 675.000000 0.675000 88.888885
72 685.000000 0.685000 87.591240
73 669.000000 0.669000 89.686096
74 721.000000 0.721000 83.217751
75 710.000000 0.710000 84.507042
76 743.000000 0.743000 80.753708
77 752.000000 0.752000 79.787239
78 746.000000 0.746000 80.428955
79 717.000000 0.717000 83.682007
80 710.000000 0.710000 84.507042
81 707.000000 0.707000 84.865631
82 700.000000 0.700000 85.714287
83 684.000000 0.684000 87.719299
84 676.000000 0.676000 88.757393
85 667.000000 0.667000 89.955025
86 672.000000 0.672000 89.285713
87 671.000000 0.671000 89.418777
88 676.000000 0.676000 88.757393
89 658.000000 0.658000 91.185410
90 657.000000 0.657000 91.324203
0 659.000000 0.659000 91.047043
1 656.000000 0.656000 91.463409
2 649.000000 0.649000 92.449928
3 651.000000 0.651000 92.165894
4 660.000000 0.660000 90.909088
5 671.000000 0.671000 89.418777
6 671.000000 0.671000 89.418777
7 655.000000 0.655000 91.603058
8 656.000000 0.656000 91.463409
9 651.000000 0.651000 92.165894
10 656.000000 0.656000 91.463409
11 649.000000 0.649000 92.449928
12 635.000000 0.635000 94.488190
13 643.000000 0.643000 93.312599
14 645.000000 0.645000 93.023262
15 647.000000 0.647000 92.735703
16 656.000000 0.656000 91.463409
17 646.000000 0.646000 92.879250
18 647.000000 0.647000 92.735703
19 652.000000 0.652000 92.024536
20 659.000000 0.659000 91.047043
21 651.000000 0.651000 92.165894
22 628.000000 0.628000 95.541397
23 638.000000 0.638000 94.043884
24 663.000000 0.663000 90.497742
25 675.000000 0.675000 88.888885
26 676.000000 0.676000 88.757393
27 675.000000 0.675000 88.888885
28 675.000000 0.675000 88.888885
29 660.000000 0.660000 90.909088
30 646.000000 0.646000 92.879250
31 643.000000 0.643000 93.312599
32 631.000000 0.631000 95.087166
33 625.000000 0.625000 96.000000
34 629.000000 0.629000 95.389503
35 631.000000 0.631000 95.087166
36 620.000000 0.620000 96.774193
37 615.000000 0.615000 97.560974
38 620.000000 0.620000 96.774193
39 618.000000 0.618000 97.087379
40 600.000000 0.600000 99.999992
41 614.000000 0.614000 97.719864
42 625.000000 0.625000 96.000000
43 641.000000 0.641000 93.603745
44 644.000000 0.644000 93.167702
45 654.000000 0.654000 91.743118
46 667.000000 0.667000 89.955025
47 662.000000 0.662000 90.634438
48 677.000000 0.677000 88.626297
49 678.000000 0.678000 88.495575
50 656.000000 0.656000 91.463409
51 653.000000 0.653000 91.883614
52 628.000000 0.628000 95.541397
53 626.000000 0.626000 95.846649
54 632.000000 0.632000 94.936707
55 636.000000 0.636000 94.339622
56 644.000000 0.644000 93.167702
57 651.000000 0.651000 92.165894
58 655.000000 0.655000 91.603058
59 656.000000 0.656000 91.463409
60 656.000000 0.656000 91.463409
61 659.000000 0.659000 91.047043
62 653.000000 0.653000 91.883614
63 642.000000 0.642000 93.457939
64 628.000000 0.628000 95.541397
65 612.000000 0.612000 98.039215
66 598.000000 0.598000 100.334450
67 599.000000 0.599000 100.166946
68 598.000000 0.598000 100.334450
69 611.000000 0.611000 98.199669
70 627.000000 0.627000 95.693787
71 675.000000 0.675000 88.888885
72 685.000000 0.685000 87.591240
73 669.000000 0.669000 89.686096
74 721.000000 0.721000 83.217751
75 710.000000 0.710000 84.507042
76 743.000000 0.743000 80.753708
77 752.000000 0.752000 79.787239
78 746.000000 0.746000 80.428955
79 717.000000 0.717000 83.682007
80 710.000000 0.710000 84.507042
81 707.000000 0.707000 84.865631
82 700.000000 0.700000 85.714287
83 684.000000 0.684000 87.719299
84 676.000000 0.676000 88.757393
85 667.000000 0.667000 89.955025
86 672.000000 0.672000 89.285713
87 671.000000 0.671000 89.418777
88 676.000000 0.676000 88.757393
89 658.000000 0.658000 91.185410
90 657.000000 0.657000 91.324203
