0 622.000000 0.622000 96.463028
1 620.000000 0.620000 96.774193
2 620.000000 0.620000 96.774193
3 614.000000 0.614000 97.719864
4 592.000000 0.592000 101.351349
5 597.000000 0.597000 100.502510
6 580.000000 0.580000 103.448280
7 564.000000 0.564000 106.382980
8 569.000000 0.569000 105.448151
9 569.000000 0.569000 105.448151
10 573.000000 0.573000 104.712036
11 576.000000 0.576000 104.166672
12 587.000000 0.587000 102.214645
13 598.000000 0.598000 100.334450
14 611.000000 0.611000 98.199669
15 608.000000 0.608000 98.684212
16 596.000000 0.596000 100.671135
17 598.000000 0.598000 100.334450
18 610.000000 0.610000 98.360657
19 614.000000 0.614000 97.719864
20 600.000000 0.600000 99.999992
21 574.000000 0.574000 104.529617
22 558.000000 0.558000 107.526878
23 563.000000 0.563000 106.571930
24 555.000000 0.555000 108.108109
25 561.000000 0.561000 106.951874
26 569.000000 0.569000 105.448151
27 599.000000 0.599000 100.166946
28 634.000000 0.634000 94.637222
29 625.000000 0.625000 96.000000
30 607.000000 0.607000 98.846786
31 608.000000 0.608000 98.684212
32 615.000000 0.615000 97.560974
33 617.000000 0.617000 97.244736
34 605.000000 0.605000 99.173553
35 596.000000 0.596000 100.671135
36 601.000000 0.601000 99.833611
37 608.000000 0.608000 98.684212
38 625.000000 0.625000 96.000000
39 636.000000 0.636000 94.339622
40 630.000000 0.630000 95.238098
41 623.000000 0.623000 96.308182
42 621.000000 0.621000 96.618362
43 624.000000 0.624000 96.153847
44 621.000000 0.621000 96.618362
45 610.000000 0.610000 98.360657
46 614.000000 0.614000 97.719864
47 616.000000 0.616000 97.402596
48 613.000000 0.613000 97.879288
49 602.000000 0.602000 99.667778
50 590.000000 0.590000 101.694923
51 593.000000 0.593000 101.180443
52 593.000000 0.593000 101.180443
53 580.000000 0.580000 103.448280
54 580.000000 0.580000 103.448280
55 582.000000 0.582000 103.092781
56 588.000000 0.588000 102.040817
57 585.000000 0.585000 102.564110
58 588.000000 0.588000 102.040817
59 592.000000 0.592000 101.351349
60 598.000000 0.598000 100.334450
61 618.000000 0.618000 97.087379
62 616.000000 0.616000 97.402596
63 617.000000 0.617000 97.244736
64 614.000000 0.614000 97.719864
65 606.000000 0.606000 99.009903
66 598.000000 0.598000 100.334450
67 587.000000 0.587000 102.214645
68 591.000000 0.591000 101.522842
69 593.000000 0.593000 101.180443
70 599.000000 0.599000 100.166946
71 604.000000 0.604000 99.337753
72 607.000000 0.607000 98.846786
73 624.000000 0.624000 96.153847
74 646.000000 0.646000 92.879250
75 614.000000 0.614000 97.719864
76 613.000000 0.613000 97.879288
77 609.000000 0.609000 98.522163
78 600.000000 0.600000 99.999992
79 601.000000 0.601000 99.833611
80 614.000000 0.614000 97.719864
81 632.000000 0.632000 94.936707
82 629.000000 0.629000 95.389503
83 615.000000 0.615000 97.560974
84 620.000000 0.620000 96.774193
85 622.000000 0.622000 96.463028
86 641.000000 0.641000 93.603745
87 641.000000 0.641000 93.603745
88 622.000000 0.622000 96.463028
89 624.000000 0.624000 96.153847
90 622.000000 0.622000 96.463028
91 640.000000 0.640000 93.750000
92 645.000000 0.645000 93.023262
93 630.000000 0.630000 95.238098
94 623.000000 0.623000 96.308182
95 593.000000 0.593000 101.180443
96 581.000000 0.581000 103.270226
97 581.000000 0.581000 103.270226
98 584.000000 0.584000 102.739731
0 622.000000 0.622000 96.463028
1 620.000000 0.620000 96.774193
2 620.000000 0.620000 96.774193
3 614.000000 0.614000 97.719864
4 592.000000 0.592000 101.351349
5 597.000000 0.597000 100.502510
6 580.000000 0.580000 103.448280
7 564.000000 0.564000 106.382980
8 569.000000 0.569000 105.448151
9 569.000000 0.569000 105.448151
10 573.000000 0.573000 104.712036
11 576.000000 0.576000 104.166672
12 587.000000 0.587000 102.214645
13 598.000000 0.598000 100.334450
14 611.000000 0.611000 98.199669
15 608.000000 0.608000 98.684212
16 596.000000 0.596000 100.671135
17 598.000000 0.598000 100.334450
18 610.000000 0.610000 98.360657
19 614.000000 0.614000 97.719864
20 600.000000 0.600000 99.999992
21 574.000000 0.574000 104.529617
22 558.000000 0.558000 107.526878
23 563.000000 0.563000 106.571930
24 555.000000 0.555000 108.108109
25 561.000000 0.561000 106.951874
26 569.000000 0.569000 105.448151
27 599.000000 0.599000 100.166946
28 634.000000 0.634000 94.637222
29 625.000000 0.625000 96.000000
30 607.000000 0.607000 98.846786
31 608.000000 0.608000 98.684212
32 615.000000 0.615000 97.560974
33 617.000000 0.617000 97.244736
34 605.000000 0.605000 99.173553
35 596.000000 0.596000 100.671135
36 601.000000 0.601000 99.833611
37 608.000000 0.608000 98.684212
38 625.000000 0.625000 96.000000
39 636.000000 0.636000 94.339622
40 630.000000 0.630000 95.238098
41 623.000000 0.623000 96.308182
42 621.000000 0.621000 96.618362
43 624.000000 0.624000 96.153847
44 621.000000 0.621000 96.618362
45 610.000000 0.610000 98.360657
46 614.000000 0.614000 97.719864
47 616.000000 0.616000 97.402596
48 613.000000 0.613000 97.879288
49 602.000000 0.602000 99.667778
50 590.000000 0.590000 101.694923
51 593.000000 0.593000 101.180443
52 593.000000 0.593000 101.180443
53 580.000000 0.580000 103.448280
54 580.000000 0.580000 103.448280
55 582.000000 0.582000 103.092781
56 588.000000 0.588000 102.040817
57 585.000000 0.585000 102.564110
58 588.000000 0.588000 102.040817
59 592.000000 0.592000 101.351349
60 598.000000 0.598000 100.334450
61 618.000000 0.618000 97.087379
62 616.000000 0.616000 97.402596
63 617.000000 0.617000 97.244736
64 614.000000 0.614000 97.719864
65 606.000000 0.606000 99.009903
66 598.000000 0.598000 100.334450
67 587.000000 0.587000 102.214645
68 591.000000 0.591000 101.522842
69 593.000000 0.593000 101.180443
70 599.000000 0.599000 100.166946
71 604.000000 0.604000 99.337753
72 607.000000 0.607000 98.846786
73 624.000000 0.624000 96.153847
74 646.000000 0.646000 92.879250
75 614.000000 0.614000 97.719864
76 613.000000 0.613000 97.879288
77 609.000000 0.609000 98.522163
78 600.000000 0.600000 99.999992
79 601.000000 0.601000 99.833611
80 614.000000 0.614000 97.719864
81 632.000000 0.632000 94.936707
82 629.000000 0.629000 95.389503
83 615.000000 0.615000 97.560974
84 620.000000 0.620000 96.774193
85 622.000000 0.622000 96.463028
86 641.000000 0.641000 93.603745
87 641.000000 0.641000 93.603745
88 622.000000 0.622000 96.463028
89 624.000000 0.624000 96.153847
90 622.000000 0.622000 96.463028
91 640.000000 0.640000 93.750000
92 645.000000 0.645000 93.023262
93 630.000000 0.630000 95.238098
94 623.000000 0.623000 96.308182
95 593.000000 0.593000 101.180443
96 581.000000 0.581000 103.270226
97 581.000000 0.581000 103.270226
98 584.000000 0.584000 102.739731
