0 633.000000 0.633000 94.786728
1 619.000000 0.619000 96.930527
2 617.000000 0.617000 97.244736
3 634.000000 0.634000 94.637222
4 631.000000 0.631000 95.087166
5 614.000000 0.614000 97.719864
6 604.000000 0.604000 99.337753
7 610.000000 0.610000 98.360657
8 615.000000 0.615000 97.560974
9 609.000000 0.609000 98.522163
10 599.000000 0.599000 100.166946
11 616.000000 0.616000 97.402596
12 631.000000 0.631000 95.087166
13 647.000000 0.647000 92.735703
14 645.000000 0.645000 93.023262
15 620.000000 0.620000 96.774193
16 615.000000 0.615000 97.560974
17 611.000000 0.611000 98.199669
18 597.000000 0.597000 100.502510
19 584.000000 0.584000 102.739731
20 591.000000 0.591000 101.522842
21 608.000000 0.608000 98.684212
22 629.000000 0.629000 95.389503
23 633.000000 0.633000 94.786728
24 632.000000 0.632000 94.936707
25 632.000000 0.632000 94.936707
26 620.000000 0.620000 96.774193
27 603.000000 0.603000 99.502487
28 601.000000 0.601000 99.833611
29 602.000000 0.602000 99.667778
30 599.000000 0.599000 100.166946
31 587.000000 0.587000 102.214645
32 596.000000 0.596000 100.671135
33 612.000000 0.612000 98.039215
34 617.000000 0.617000 97.244736
35 615.000000 0.615000 97.560974
36 604.000000 0.604000 99.337753
37 621.000000 0.621000 96.618362
38 626.000000 0.626000 95.846649
39 616.000000 0.616000 97.402596
40 610.000000 0.610000 98.360657
41 626.000000 0.626000 95.846649
42 633.000000 0.633000 94.786728
43 639.000000 0.639000 93.896713
44 643.000000 0.643000 93.312599
45 642.000000 0.642000 93.457939
46 661.000000 0.661000 90.771553
47 674.000000 0.674000 89.020767
48 655.000000 0.655000 91.603058
49 636.000000 0.636000 94.339622
50 648.000000 0.648000 92.592590
51 668.000000 0.668000 89.820358
52 657.000000 0.657000 91.324203
53 637.000000 0.637000 94.191521
54 640.000000 0.640000 93.750000
55 647.000000 0.647000 92.735703
56 630.000000 0.630000 95.238098
57 617.000000 0.617000 97.244736
58 617.000000 0.617000 97.244736
59 613.000000 0.613000 97.879288
60 615.000000 0.615000 97.560974
61 609.000000 0.609000 98.522163
62 620.000000 0.620000 96.774193
63 642.000000 0.642000 93.457939
64 638.000000 0.638000 94.043884
65 633.000000 0.633000 94.786728
66 629.000000 0.629000 95.389503
67 643.000000 0.643000 93.312599
68 652.000000 0.652000 92.024536
69 646.000000 0.646000 92.879250
70 628.000000 0.628000 95.541397
71 631.000000 0.631000 95.087166
72 637.000000 0.637000 94.191521
73 622.000000 0.622000 96.463028
74 612.000000 0.612000 98.039215
75 612.000000 0.612000 98.039215
76 613.000000 0.613000 97.879288
77 610.000000 0.610000 98.360657
78 612.000000 0.612000 98.039215
79 620.000000 0.620000 96.774193
80 626.000000 0.626000 95.846649
81 640.000000 0.640000 93.750000
82 631.000000 0.631000 95.087166
83 626.000000 0.626000 95.846649
84 620.000000 0.620000 96.774193
85 608.000000 0.608000 98.684212
86 607.000000 0.607000 98.846786
87 613.000000 0.613000 97.879288
88 603.000000 0.603000 99.502487
89 586.000000 0.586000 102.389076
90 589.000000 0.589000 101.867577
91 585.000000 0.585000 102.564110
92 591.000000 0.591000 101.522842
93 585.000000 0.585000 102.564110
94 589.000000 0.589000 101.867577
95 600.000000 0.600000 99.999992
0 633.000000 0.633000 94.786728
1 619.000000 0.619000 96.930527
2 617.000000 0.617000 97.244736
3 634.000000 0.634000 94.637222
4 631.000000 0.631000 95.087166
5 614.000000 0.614000 97.719864
6 604.000000 0.604000 99.337753
7 610.000000 0.610000 98.360657
8 615.000000 0.615000 97.560974
9 609.000000 0.609000 98.522163
10 599.000000 0.599000 100.166946
11 616.000000 0.616000 97.402596
12 631.000000 0.631000 95.087166
13 647.000000 0.647000 92.735703
14 645.000000 0.645000 93.023262
15 620.000000 0.620000 96.774193
16 615.000000 0.615000 97.560974
17 611.000000 0.611000 98.199669
18 597.000000 0.597000 100.502510
19 584.000000 0.584000 102.739731
20 591.000000 0.591000 101.522842
21 608.000000 0.608000 98.684212
22 629.000000 0.629000 95.389503
23 633.000000 0.633000 94.786728
24 632.000000 0.632000 94.936707
25 632.000000 0.632000 94.936707
26 620.000000 0.620000 96.774193
27 603.000000 0.603000 99.502487
28 601.000000 0.601000 99.833611
29 602.000000 0.602000 99.667778
30 599.000000 0.599000 100.166946
31 587.000000 0.587000 102.214645
32 596.000000 0.596000 100.671135
33 612.000000 0.612000 98.039215
34 617.000000 0.617000 97.244736
35 615.000000 0.615000 97.560974
36 604.000000 0.604000 99.337753
37 621.000000 0.621000 96.618362
38 626.000000 0.626000 95.846649
39 616.000000 0.616000 97.402596
40 610.000000 0.610000 98.360657
41 626.000000 0.626000 95.846649
42 633.000000 0.633000 94.786728
43 639.000000 0.639000 93.896713
44 643.000000 0.643000 93.312599
45 642.000000 0.642000 93.457939
46 661.000000 0.661000 90.771553
47 674.000000 0.674000 89.020767
48 655.000000 0.655000 91.603058
49 636.000000 0.636000 94.339622
50 648.000000 0.648000 92.592590
51 668.000000 0.668000 89.820358
52 657.000000 0.657000 91.324203
53 637.000000 0.637000 94.191521
54 640.000000 0.640000 93.750000
55 647.000000 0.647000 92.735703
56 630.000000 0.630000 95.238098
57 617.000000 0.617000 97.244736
58 617.000000 0.617000 97.244736
59 613.000000 0.613000 97.879288
60 615.000000 0.615000 97.560974
61 609.000000 0.609000 98.522163
62 620.000000 0.620000 96.774193
63 642.000000 0.642000 93.457939
64 638.000000 0.638000 94.043884
65 633.000000 0.633000 94.786728
66 629.000000 0.629000 95.389503
67 643.000000 0.643000 93.312599
68 652.000000 0.652000 92.024536
69 646.000000 0.646000 92.879250
70 628.000000 0.628000 95.541397
71 631.000000 0.631000 95.087166
72 637.000000 0.637000 94.191521
73 622.000000 0.622000 96.463028
74 612.000000 0.612000 98.039215
75 612.000000 0.612000 98.039215
76 613.000000 0.613000 97.879288
77 610.000000 0.610000 98.360657
78 612.000000 0.612000 98.039215
79 620.000000 0.620000 96.774193
80 626.000000 0.626000 95.846649
81 640.000000 0.640000 93.750000
82 631.000000 0.631000 95.087166
83 626.000000 0.626000 95.846649
84 620.000000 0.620000 96.774193
85 608.000000 0.608000 98.684212
86 607.000000 0.607000 98.846786
87 613.000000 0.613000 97.879288
88 603.000000 0.603000 99.502487
89 586.000000 0.586000 102.389076
90 589.000000 0.589000 101.867577
91 585.000000 0.585000 102.564110
92 591.000000 0.591000 101.522842
93 585.000000 0.585000 102.564110
94 589.000000 0.589000 101.867577
95 600.000000 0.600000 99.999992
