0 662.000000 0.662000 90.634438
1 677.000000 0.677000 88.626297
2 673.000000 0.673000 89.153046
3 684.000000 0.684000 87.719299
4 694.000000 0.694000 86.455330
5 684.000000 0.684000 87.719299
6 660.000000 0.660000 90.909088
7 669.000000 0.669000 89.686096
8 664.000000 0.664000 90.361450
9 641.000000 0.641000 93.603745
10 625.000000 0.625000 96.000000
11 639.000000 0.639000 93.896713
12 629.000000 0.629000 95.389503
13 648.000000 0.648000 92.592590
14 647.000000 0.647000 92.735703
15 623.000000 0.623000 96.308182
16 613.000000 0.613000 97.879288
17 610.000000 0.610000 98.360657
18 622.000000 0.622000 96.463028
19 640.000000 0.640000 93.750000
20 634.000000 0.634000 94.637222
21 626.000000 0.626000 95.846649
22 604.000000 0.604000 99.337753
23 597.000000 0.597000 100.502510
24 582.000000 0.582000 103.092781
25 579.000000 0.579000 103.626945
26 583.000000 0.583000 102.915955
27 689.000000 0.689000 87.082726
28 608.000000 0.608000 98.684212
29 613.000000 0.613000 97.879288
30 619.000000 0.619000 96.930527
31 633.000000 0.633000 94.786728
32 631.000000 0.631000 95.087166
33 620.000000 0.620000 96.774193
34 623.000000 0.623000 96.308182
35 619.000000 0.619000 96.930527
36 619.000000 0.619000 96.930527
37 611.000000 0.611000 98.199669
38 595.000000 0.595000 100.840332
39 594.000000 0.594000 101.010101
40 591.000000 0.591000 101.522842
41 585.000000 0.585000 102.564110
42 585.000000 0.585000 102.564110
43 575.000000 0.575000 104.347832
44 579.000000 0.579000 103.626945
45 591.000000 0.591000 101.522842
46 603.000000 0.603000 99.502487
47 617.000000 0.617000 97.244736
48 624.000000 0.624000 96.153847
49 640.000000 0.640000 93.750000
50 696.000000 0.696000 86.206902
51 741.000000 0.741000 80.971657
52 724.000000 0.724000 82.872932
53 688.000000 0.688000 87.209297
54 674.000000 0.674000 89.020767
55 669.000000 0.669000 89.686096
56 669.000000 0.669000 89.686096
57 682.000000 0.682000 87.976540
58 675.000000 0.675000 88.888885
59 679.000000 0.679000 88.365242
60 662.000000 0.662000 90.634438
61 651.000000 0.651000 92.165894
62 651.000000 0.651000 92.165894
63 635.000000 0.635000 94.488190
64 625.000000 0.625000 96.000000
65 609.000000 0.609000 98.522163
66 610.000000 0.610000 98.360657
67 608.000000 0.608000 98.684212
68 607.000000 0.607000 98.846786
69 596.000000 0.596000 100.671135
70 602.000000 0.602000 99.667778
71 603.000000 0.603000 99.502487
72 607.000000 0.607000 98.846786
73 603.000000 0.603000 99.502487
74 603.000000 0.603000 99.502487
75 613.000000 0.613000 97.879288
76 597.000000 0.597000 100.502510
77 594.000000 0.594000 101.010101
78 577.000000 0.577000 103.986130
79 570.000000 0.570000 105.263161
80 562.000000 0.562000 106.761574
81 572.000000 0.572000 104.895103
82 588.000000 0.588000 102.040817
83 590.000000 0.590000 101.694923
84 604.000000 0.604000 99.337753
85 620.000000 0.620000 96.774193
86 636.000000 0.636000 94.339622
87 658.000000 0.658000 91.185410
88 662.000000 0.662000 90.634438
89 657.000000 0.657000 91.324203
90 660.000000 0.660000 90.909088
91 664.000000 0.664000 90.361450
92 690.000000 0.690000 86.956520
0 662.000000 0.662000 90.634438
1 677.000000 0.677000 88.626297
2 673.000000 0.673000 89.153046
3 684.000000 0.684000 87.719299
4 694.000000 0.694000 86.455330
5 684.000000 0.684000 87.719299
6 660.000000 0.660000 90.909088
7 669.000000 0.669000 89.686096
8 664.000000 0.664000 90.361450
9 641.000000 0.641000 93.603745
10 625.000000 0.625000 96.000000
11 639.000000 0.639000 93.896713
12 629.000000 0.629000 95.389503
13 648.000000 0.648000 92.592590
14 647.000000 0.647000 92.735703
15 623.000000 0.623000 96.308182
16 613.000000 0.613000 97.879288
17 610.000000 0.610000 98.360657
18 622.000000 0.622000 96.463028
19 640.000000 0.640000 93.750000
20 634.000000 0.634000 94.637222
21 626.000000 0.626000 95.846649
22 604.000000 0.604000 99.337753
23 597.000000 0.597000 100.502510
24 582.000000 0.582000 103.092781
25 579.000000 0.579000 103.626945
26 583.000000 0.583000 102.915955
27 689.000000 0.689000 87.082726
28 608.000000 0.608000 98.684212
29 613.000000 0.613000 97.879288
30 619.000000 0.619000 96.930527
31 633.000000 0.633000 94.786728
32 631.000000 0.631000 95.087166
33 620.000000 0.620000 96.774193
34 623.000000 0.623000 96.308182
35 619.000000 0.619000 96.930527
36 619.000000 0.619000 96.930527
37 611.000000 0.611000 98.199669
38 595.000000 0.595000 100.840332
39 594.000000 0.594000 101.010101
40 591.000000 0.591000 101.522842
41 585.000000 0.585000 102.564110
42 585.000000 0.585000 102.564110
43 575.000000 0.575000 104.347832
44 579.000000 0.579000 103.626945
45 591.000000 0.591000 101.522842
46 603.000000 0.603000 99.502487
47 617.000000 0.617000 97.244736
48 624.000000 0.624000 96.153847
49 640.000000 0.640000 93.750000
50 696.000000 0.696000 86.206902
51 741.000000 0.741000 80.971657
52 724.000000 0.724000 82.872932
53 688.000000 0.688000 87.209297
54 674.000000 0.674000 89.020767
55 669.000000 0.669000 89.686096
56 669.000000 0.669000 89.686096
57 682.000000 0.682000 87.976540
58 675.000000 0.675000 88.888885
59 679.000000 0.679000 88.365242
60 662.000000 0.662000 90.634438
61 651.000000 0.651000 92.165894
62 651.000000 0.651000 92.165894
63 635.000000 0.635000 94.488190
64 625.000000 0.625000 96.000000
65 609.000000 0.609000 98.522163
66 610.000000 0.610000 98.360657
67 608.000000 0.608000 98.684212
68 607.000000 0.607000 98.846786
69 596.000000 0.596000 100.671135
70 602.000000 0.602000 99.667778
71 603.000000 0.603000 99.502487
72 607.000000 0.607000 98.846786
73 603.000000 0.603000 99.502487
74 603.000000 0.603000 99.502487
75 613.000000 0.613000 97.879288
76 597.000000 0.597000 100.502510
77 594.000000 0.594000 101.010101
78 577.000000 0.577000 103.986130
79 570.000000 0.570000 105.263161
80 562.000000 0.562000 106.761574
81 572.000000 0.572000 104.895103
82 588.000000 0.588000 102.040817
83 590.000000 0.590000 101.694923
84 604.000000 0.604000 99.337753
85 620.000000 0.620000 96.774193
86 636.000000 0.636000 94.339622
87 658.000000 0.658000 91.185410
88 662.000000 0.662000 90.634438
89 657.000000 0.657000 91.324203
90 660.000000 0.660000 90.909088
91 664.000000 0.664000 90.361450
92 690.000000 0.690000 86.956520
