0 634.000000 0.634000 94.637222
1 652.000000 0.652000 92.024536
2 650.000000 0.650000 92.307693
3 665.000000 0.665000 90.225563
4 661.000000 0.661000 90.771553
5 654.000000 0.654000 91.743118
6 646.000000 0.646000 92.879250
7 651.000000 0.651000 92.165894
8 646.000000 0.646000 92.879250
9 654.000000 0.654000 91.743118
10 645.000000 0.645000 93.023262
11 635.000000 0.635000 94.488190
12 632.000000 0.632000 94.936707
13 625.000000 0.625000 96.000000
14 634.000000 0.634000 94.637222
15 644.000000 0.644000 93.167702
16 637.000000 0.637000 94.191521
17 639.000000 0.639000 93.896713
18 653.000000 0.653000 91.883614
19 661.000000 0.661000 90.771553
20 668.000000 0.668000 89.820358
21 664.000000 0.664000 90.361450
22 675.000000 0.675000 88.888885
23 658.000000 0.658000 91.185410
24 644.000000 0.644000 93.167702
25 632.000000 0.632000 94.936707
26 639.000000 0.639000 93.896713
27 639.000000 0.639000 93.896713
28 630.000000 0.630000 95.238098
29 625.000000 0.625000 96.000000
30 641.000000 0.641000 93.603745
31 628.000000 0.628000 95.541397
32 605.000000 0.605000 99.173553
33 595.000000 0.595000 100.840332
34 589.000000 0.589000 101.867577
35 598.000000 0.598000 100.334450
36 595.000000 0.595000 100.840332
37 599.000000 0.599000 100.166946
38 609.000000 0.609000 98.522163
39 618.000000 0.618000 97.087379
40 628.000000 0.628000 95.541397
41 635.000000 0.635000 94.488190
42 639.000000 0.639000 93.896713
43 644.000000 0.644000 93.167702
44 625.000000 0.625000 96.000000
45 637.000000 0.637000 94.191521
46 653.000000 0.653000 91.883614
47 652.000000 0.652000 92.024536
48 651.000000 0.651000 92.165894
49 655.000000 0.655000 91.603058
50 656.000000 0.656000 91.463409
51 656.000000 0.656000 91.463409
52 642.000000 0.642000 93.457939
53 653.000000 0.653000 91.883614
54 648.000000 0.648000 92.592590
55 643.000000 0.643000 93.312599
56 633.000000 0.633000 94.786728
57 631.000000 0.631000 95.087166
58 633.000000 0.633000 94.786728
59 617.000000 0.617000 97.244736
60 613.000000 0.613000 97.879288
61 627.000000 0.627000 95.693787
62 634.000000 0.634000 94.637222
63 629.000000 0.629000 95.389503
64 617.000000 0.617000 97.244736
65 626.000000 0.626000 95.846649
66 634.000000 0.634000 94.637222
67 634.000000 0.634000 94.637222
68 641.000000 0.641000 93.603745
69 639.000000 0.639000 93.896713
70 657.000000 0.657000 91.324203
71 663.000000 0.663000 90.497742
72 641.000000 0.641000 93.603745
73 631.000000 0.631000 95.087166
74 623.000000 0.623000 96.308182
75 616.000000 0.616000 97.402596
76 610.000000 0.610000 98.360657
77 615.000000 0.615000 97.560974
78 625.000000 0.625000 96.000000
79 627.000000 0.627000 95.693787
80 637.000000 0.637000 94.191521
81 657.000000 0.657000 91.324203
82 681.000000 0.681000 88.105728
83 694.000000 0.694000 86.455330
84 670.000000 0.670000 89.552238
85 670.000000 0.670000 89.552238
86 678.000000 0.678000 88.495575
87 668.000000 0.668000 89.820358
88 656.000000 0.656000 91.463409
89 662.000000 0.662000 90.634438
90 661.000000 0.661000 90.771553
91 644.000000 0.644000 93.167702
92 659.000000 0.659000 91.047043
0 634.000000 0.634000 94.637222
1 652.000000 0.652000 92.024536
2 650.000000 0.650000 92.307693
3 665.000000 0.665000 90.225563
4 661.000000 0.661000 90.771553
5 654.000000 0.654000 91.743118
6 646.000000 0.646000 92.879250
7 651.000000 0.651000 92.165894
8 646.000000 0.646000 92.879250
9 654.000000 0.654000 91.743118
10 645.000000 0.645000 93.023262
11 635.000000 0.635000 94.488190
12 632.000000 0.632000 94.936707
13 625.000000 0.625000 96.000000
14 634.000000 0.634000 94.637222
15 644.000000 0.644000 93.167702
16 637.000000 0.637000 94.191521
17 639.000000 0.639000 93.896713
18 653.000000 0.653000 91.883614
19 661.000000 0.661000 90.771553
20 668.000000 0.668000 89.820358
21 664.000000 0.664000 90.361450
22 675.000000 0.675000 88.888885
23 658.000000 0.658000 91.185410
24 644.000000 0.644000 93.167702
25 632.000000 0.632000 94.936707
26 639.000000 0.639000 93.896713
27 639.000000 0.639000 93.896713
28 630.000000 0.630000 95.238098
29 625.000000 0.625000 96.000000
30 641.000000 0.641000 93.603745
31 628.000000 0.628000 95.541397
32 605.000000 0.605000 99.173553
33 595.000000 0.595000 100.840332
34 589.000000 0.589000 101.867577
35 598.000000 0.598000 100.334450
36 595.000000 0.595000 100.840332
37 599.000000 0.599000 100.166946
38 609.000000 0.609000 98.522163
39 618.000000 0.618000 97.087379
40 628.000000 0.628000 95.541397
41 635.000000 0.635000 94.488190
42 639.000000 0.639000 93.896713
43 644.000000 0.644000 93.167702
44 625.000000 0.625000 96.000000
45 637.000000 0.637000 94.191521
46 653.000000 0.653000 91.883614
47 652.000000 0.652000 92.024536
48 651.000000 0.651000 92.165894
49 655.000000 0.655000 91.603058
50 656.000000 0.656000 91.463409
51 656.000000 0.656000 91.463409
52 642.000000 0.642000 93.457939
53 653.000000 0.653000 91.883614
54 648.000000 0.648000 92.592590
55 643.000000 0.643000 93.312599
56 633.000000 0.633000 94.786728
57 631.000000 0.631000 95.087166
58 633.000000 0.633000 94.786728
59 617.000000 0.617000 97.244736
60 613.000000 0.613000 97.879288
61 627.000000 0.627000 95.693787
62 634.000000 0.634000 94.637222
63 629.000000 0.629000 95.389503
64 617.000000 0.617000 97.244736
65 626.000000 0.626000 95.846649
66 634.000000 0.634000 94.637222
67 634.000000 0.634000 94.637222
68 641.000000 0.641000 93.603745
69 639.000000 0.639000 93.896713
70 657.000000 0.657000 91.324203
71 663.000000 0.663000 90.497742
72 641.000000 0.641000 93.603745
73 631.000000 0.631000 95.087166
74 623.000000 0.623000 96.308182
75 616.000000 0.616000 97.402596
76 610.000000 0.610000 98.360657
77 615.000000 0.615000 97.560974
78 625.000000 0.625000 96.000000
79 627.000000 0.627000 95.693787
80 637.000000 0.637000 94.191521
81 657.000000 0.657000 91.324203
82 681.000000 0.681000 88.105728
83 694.000000 0.694000 86.455330
84 670.000000 0.670000 89.552238
85 670.000000 0.670000 89.552238
86 678.000000 0.678000 88.495575
87 668.000000 0.668000 89.820358
88 656.000000 0.656000 91.463409
89 662.000000 0.662000 90.634438
90 661.000000 0.661000 90.771553
91 644.000000 0.644000 93.167702
92 659.000000 0.659000 91.047043
