0 635.000000 0.635000 94.488190
1 634.000000 0.634000 94.637222
2 628.000000 0.628000 95.541397
3 620.000000 0.620000 96.774193
4 610.000000 0.610000 98.360657
5 621.000000 0.621000 96.618362
6 637.000000 0.637000 94.191521
7 634.000000 0.634000 94.637222
8 641.000000 0.641000 93.603745
9 604.000000 0.604000 99.337753
10 595.000000 0.595000 100.840332
11 591.000000 0.591000 101.522842
12 610.000000 0.610000 98.360657
13 615.000000 0.615000 97.560974
14 601.000000 0.601000 99.833611
15 623.000000 0.623000 96.308182
16 651.000000 0.651000 92.165894
17 663.000000 0.663000 90.497742
18 671.000000 0.671000 89.418777
19 678.000000 0.678000 88.495575
20 696.000000 0.696000 86.206902
21 708.000000 0.708000 84.745766
22 712.000000 0.712000 84.269661
23 682.000000 0.682000 87.976540
24 680.000000 0.680000 88.235291
25 668.000000 0.668000 89.820358
26 657.000000 0.657000 91.324203
27 645.000000 0.645000 93.023262
28 648.000000 0.648000 92.592590
29 678.000000 0.678000 88.495575
30 665.000000 0.665000 90.225563
31 657.000000 0.657000 91.324203
32 644.000000 0.644000 93.167702
33 647.000000 0.647000 92.735703
34 655.000000 0.655000 91.603058
35 651.000000 0.651000 92.165894
36 632.000000 0.632000 94.936707
37 641.000000 0.641000 93.603745
38 639.000000 0.639000 93.896713
39 649.000000 0.649000 92.449928
40 665.000000 0.665000 90.225563
41 704.000000 0.704000 85.227272
42 704.000000 0.704000 85.227272
43 702.000000 0.702000 85.470085
44 685.000000 0.685000 87.591240
45 682.000000 0.682000 87.976540
46 702.000000 0.702000 85.470085
47 669.000000 0.669000 89.686096
48 678.000000 0.678000 88.495575
49 674.000000 0.674000 89.020767
50 666.000000 0.666000 90.090088
51 656.000000 0.656000 91.463409
52 660.000000 0.660000 90.909088
53 657.000000 0.657000 91.324203
54 642.000000 0.642000 93.457939
55 643.000000 0.643000 93.312599
56 653.000000 0.653000 91.883614
57 671.000000 0.671000 89.418777
58 681.000000 0.681000 88.105728
59 676.000000 0.676000 88.757393
60 681.000000 0.681000 88.105728
61 673.000000 0.673000 89.153046
62 662.000000 0.662000 90.634438
63 680.000000 0.680000 88.235291
64 698.000000 0.698000 85.959885
65 710.000000 0.710000 84.507042
66 685.000000 0.685000 87.591240
67 691.000000 0.691000 86.830681
68 687.000000 0.687000 87.336250
69 659.000000 0.659000 91.047043
70 658.000000 0.658000 91.185410
71 672.000000 0.672000 89.285713
72 678.000000 0.678000 88.495575
73 662.000000 0.662000 90.634438
74 671.000000 0.671000 89.418777
75 688.000000 0.688000 87.209297
76 674.000000 0.674000 89.020767
77 648.000000 0.648000 92.592590
78 648.000000 0.648000 92.592590
79 646.000000 0.646000 92.879250
80 636.000000 0.636000 94.339622
81 639.000000 0.639000 93.896713
82 671.000000 0.671000 89.418777
83 678.000000 0.678000 88.495575
84 655.000000 0.655000 91.603058
85 655.000000 0.655000 91.603058
86 673.000000 0.673000 89.153046
87 672.000000 0.672000 89.285713
88 668.000000 0.668000 89.820358
89 647.000000 0.647000 92.735703
0 635.000000 0.635000 94.488190
1 634.000000 0.634000 94.637222
2 628.000000 0.628000 95.541397
3 620.000000 0.620000 96.774193
4 610.000000 0.610000 98.360657
5 621.000000 0.621000 96.618362
6 637.000000 0.637000 94.191521
7 634.000000 0.634000 94.637222
8 641.000000 0.641000 93.603745
9 604.000000 0.604000 99.337753
10 595.000000 0.595000 100.840332
11 591.000000 0.591000 101.522842
12 610.000000 0.610000 98.360657
13 615.000000 0.615000 97.560974
14 601.000000 0.601000 99.833611
15 623.000000 0.623000 96.308182
16 651.000000 0.651000 92.165894
17 663.000000 0.663000 90.497742
18 671.000000 0.671000 89.418777
19 678.000000 0.678000 88.495575
20 696.000000 0.696000 86.206902
21 708.000000 0.708000 84.745766
22 712.000000 0.712000 84.269661
23 682.000000 0.682000 87.976540
24 680.000000 0.680000 88.235291
25 668.000000 0.668000 89.820358
26 657.000000 0.657000 91.324203
27 645.000000 0.645000 93.023262
28 648.000000 0.648000 92.592590
29 678.000000 0.678000 88.495575
30 665.000000 0.665000 90.225563
31 657.000000 0.657000 91.324203
32 644.000000 0.644000 93.167702
33 647.000000 0.647000 92.735703
34 655.000000 0.655000 91.603058
35 651.000000 0.651000 92.165894
36 632.000000 0.632000 94.936707
37 641.000000 0.641000 93.603745
38 639.000000 0.639000 93.896713
39 649.000000 0.649000 92.449928
40 665.000000 0.665000 90.225563
41 704.000000 0.704000 85.227272
42 704.000000 0.704000 85.227272
43 702.000000 0.702000 85.470085
44 685.000000 0.685000 87.591240
45 682.000000 0.682000 87.976540
46 702.000000 0.702000 85.470085
47 669.000000 0.669000 89.686096
48 678.000000 0.678000 88.495575
49 674.000000 0.674000 89.020767
50 666.000000 0.666000 90.090088
51 656.000000 0.656000 91.463409
52 660.000000 0.660000 90.909088
53 657.000000 0.657000 91.324203
54 642.000000 0.642000 93.457939
55 643.000000 0.643000 93.312599
56 653.000000 0.653000 91.883614
57 671.000000 0.671000 89.418777
58 681.000000 0.681000 88.105728
59 676.000000 0.676000 88.757393
60 681.000000 0.681000 88.105728
61 673.000000 0.673000 89.153046
62 662.000000 0.662000 90.634438
63 680.000000 0.680000 88.235291
64 698.000000 0.698000 85.959885
65 710.000000 0.710000 84.507042
66 685.000000 0.685000 87.591240
67 691.000000 0.691000 86.830681
68 687.000000 0.687000 87.336250
69 659.000000 0.659000 91.047043
70 658.000000 0.658000 91.185410
71 672.000000 0.672000 89.285713
72 678.000000 0.678000 88.495575
73 662.000000 0.662000 90.634438
74 671.000000 0.671000 89.418777
75 688.000000 0.688000 87.209297
76 674.000000 0.674000 89.020767
77 648.000000 0.648000 92.592590
78 648.000000 0.648000 92.592590
79 646.000000 0.646000 92.879250
80 636.000000 0.636000 94.339622
81 639.000000 0.639000 93.896713
82 671.000000 0.671000 89.418777
83 678.000000 0.678000 88.495575
84 655.000000 0.655000 91.603058
85 655.000000 0.655000 91.603058
86 673.000000 0.673000 89.153046
87 672.000000 0.672000 89.285713
88 668.000000 0.668000 89.820358
89 647.000000 0.647000 92.735703
